ACE 
  109
   1.9668730   1.2710140   0.5141889   2.0273727   2.2592676   0.0603610
   1.3209269   2.9291650   0.5465655   1.8022779   2.1880152  -1.0018966
   3.4297228   2.7935692   0.2416356   4.2619337   2.1346862   0.8504811
   3.6867042   3.9893283  -0.2842426   2.9396679   4.4883284  -0.7437501
   4.9757266   4.6782971  -0.1985452   5.4453169   4.4332886   0.7558454
   5.8852870   4.1787572  -1.3311993   5.4360428   4.4100342  -2.2982881
   6.8609211   4.6611976  -1.2656753   6.0221214   3.0996133  -1.2472540
   4.7946527   6.2063650  -0.2613497   3.7878610   6.6958887  -0.7731206
   5.7806318   6.9570126   0.2363545   6.5977934   6.4998045   0.6161984
   5.8128314   8.4202014   0.2160620   5.3398341   8.7747391  -0.7016438
   5.0162829   8.9547042   1.4155760   5.4690949   8.6097631   2.3463865
   5.0121221  10.0451399   1.4030299   3.9858658   8.6003018   1.3644165
   7.2638477   8.9353056   0.2355622   8.1672231   8.2306040   0.6846680
   7.4821750  10.1670767  -0.2309327   6.6985493  10.7109662  -0.5641640
   8.7810549  10.8417268  -0.2333777   9.3299780  10.5609648   0.6675777
   9.5840994  10.3818505  -1.4595008   9.0519714  10.6461050  -2.3745501
  10.5630065  10.8624200  -1.4639065   9.7261913   9.3006855  -1.4261371
   8.6015882  12.3706397  -0.2270496   7.5633441  12.8767897  -0.6521044
   9.6176824  13.1023979   0.2344636  10.4559397  12.6341688   0.5493236
   9.6545381  14.5647418   0.2500195   9.1530814  14.9429464  -0.6426708
   8.9023804  15.0751809   1.4883137   9.3834746  14.7065950   2.3954746
   8.9044870  16.1655819   1.5005465   7.8682019  14.7283239   1.4636501
  11.1081909  15.0692558   0.2327670  12.0197706  14.3506098   0.6418554
  11.3180729  16.3063557  -0.2213074  10.5270118  16.8568660  -0.5252448
  12.6150714  16.9828721  -0.2413031  13.1794164  16.6984681   0.6487117
  13.3991107  16.5350393  -1.4839629  12.8514019  16.8055160  -2.3880202
  14.3763881  17.0184817  -1.5000633  13.5447779  15.4539842  -1.4620053
  12.4259831  18.5101688  -0.2220503  11.3762476  19.0105867  -0.6252186
  13.4448445  19.2456586   0.2269468  14.2903805  18.7799109   0.5258039
  13.4758889  20.7082674   0.2485497  12.9659420  21.0891841  -0.6384344
  12.7328522  21.2106079   1.4955602  13.2230877  20.8391735   2.3967591
  12.7321738  22.3009333   1.5129397  11.6994399  20.8614441   1.4785914
  14.9279659  21.2179260   0.2229869  15.8453977  20.4985394   0.6175453
  15.1303466  22.4597885  -0.2213362  14.3347668  23.0111295  -0.5117314
  16.4251418  23.1403979  -0.2475461  16.9988151  22.8496786   0.6344984
  17.1987287  22.7059901  -1.5014231  16.6419623  22.9837250  -2.3976689
  18.1748849  23.1918033  -1.5222036  17.3472502  21.6252326  -1.4907258
  16.2322405  24.6671024  -0.2126145  15.1719463  25.1674682  -0.5873277
  17.2592635  25.4021706   0.2182207  18.1142925  24.9369127   0.4896126
  17.2857620  26.8645228   0.2535077  16.7474282  27.2510995  -0.6138454
  16.5778121  27.3512937   1.5268394  17.0961541  26.9733768   2.4093189
  16.5721555  28.4414696   1.5550037  15.5459743  26.9968935   1.5365969
  18.7344357  27.3808564   0.1868361  19.6692362  26.6526199   0.5194296
  18.9151252  28.6374056  -0.2244285  18.1058458  29.1970175  -0.4545638
  20.2071354  29.3213647  -0.2896588  20.8255424  28.9957637   0.5490571
  20.9139165  28.9360435  -1.5980787  20.3134497  29.2492008  -2.4533690
  21.8900136  29.4194739  -1.6502954  21.0588823  27.8553787  -1.6369950
  20.0184487  30.8459822  -0.1809252  18.9223948  31.3557084  -0.4135551
  21.0876534  31.5707665   0.1551603  21.9708849  31.1008273   0.2968918
  21.1120418  33.0303718   0.2559564  20.4498702  33.4508261  -0.5031112
  20.5927129  33.4440703   1.6412542  21.2380421  33.0340713   2.4195567
  20.5782216  34.5310344   1.7243975  19.5773975  33.0704750   1.7832839
  22.5323969  33.5683303  -0.0015551  23.5109498  32.8322353   0.0733466
  22.6723553  34.8537087  -0.2981334  21.8674883  35.4551652  -0.3524615
  23.6030230  35.2025465  -0.4608236
